1,-2
-1,-3
-1,-2
-3,0
-1,2
-2,2
-2,1
-2,2
-3,1
-1,2
0,1
-2,0
-4,2
-5,2
-7,0
-9,-1
-10,-1
-9,-2
-8,-4
-9,-3
-7,-5
-6,-3
-6,-5
-7,-5
-8,-4
-10,-5
-10,-7
-10,-5
-9,-7
-9,-9
-7,-8
-8,-6
-7,-6
-5,-5
-6,-5
-5,-3
-6,-4
-6,-2
-4,-3
-4,-1
-6,-1
-4,1
-5,1
-6,-1
-7,1
-8,2
-7,1
-7,3
-5,3
-5,2
-4,2
-4,0
-6,-2
-8,-2
-7,0
-9,2
-8,4
-8,2
-10,3
-10,4
-12,2
-13,3
-13,2
-15,4
-15,3
-16,3
-18,3
-19,4
-21,4
-21,6
-20,4
-22,3
-23,4
-25,3
-25,4
-27,5
-25,4
-23,5
-22,5
-21,5
-21,6
-21,8
-22,10
-22,12
-20,11
-19,11
-19,13
-19,11
-17,10
-15,10
-15,8
-15,9
-16,9
-14,9
-16,7
-15,7
-16,8
-14,9
-14,7
-15,8
-16,6
-18,5
-18,7
-20,5
-21,3
-20,4
-20,2
-19,2
-21,1
-23,1
-22,0
-23,0
-22,-1
-22,-3
-20,-2
-21,0
-19,0
-17,0
-18,1
-18,-1
-20,1
-22,1
-24,1
-23,-1
-22,-2
-23,0
-23,-1
-21,-1
-23,-2
-22,-2
-20,0
-22,-2
-24,-2
-26,-2
-26,-4
-28,-2
-28,-4
-28,-2
-26,-1
-26,-3
-27,-5
-27,-4
-29,-4
-28,-6
-30,-4
-28,-5
-28,-4
-29,-5
-28,-3
-29,-2
-30,-4
-32,-2
-33,-3
-32,-5
-34,-7
-34,-8
-33,-10
-34,-11
-34,-13
-34,-12
-34,-10
-33,-8
-31,-6
-30,-5
-29,-7
-28,-5
-27,-3
-27,-5
-29,-3
-31,-1
-33,1
-32,-1
-33,-3
-32,-4
-34,-6
-36,-5
-36,-4
-37,-4
-38,-4
-37,-4
-37,-3
-37,-4
-35,-2
-33,-2
-33,0
-33,-2
-35,0
-33,-1
-33,-3
-35,-1
-37,-2
-36,-4
-35,-3
-34,-1
-33,0
-31,0
-31,-2
-32,-3
-32,-5
-33,-6
-34,-8
-34,-6
-35,-4
-35,-3
-35,-4
-33,-5
-33,-6
-33,-5
-33,-6
-31,-5
-32,-7
-30,-6
-29,-4
-30,-5
-31,-5
-33,-5
-32,-3
-33,-3
-33,-4
-34,-4
-35,-6
-35,-7
-35,-5
-33,-4
-32,-6
-32,-5
-31,-5
-31,-4
-29,-2
-29,-4
-27,-4
-26,-5
-24,-5
-26,-7
-25,-6
-25,-4
-25,-3
-25,-5
-25,-6
-25,-8
-25,-10
-25,-8
-27,-9
-27,-7
-26,-9
-24,-11
-25,-11
-24,-12
-26,-12
-25,-13
-25,-12
-24,-11
-22,-9
-22,-11
-21,-9
-19,-7
-17,-5
-15,-6
-16,-5
-16,-3
-16,-2
-17,0
-17,-2
-16,-1
-17,-1
-15,-2
-14,-2
-13,-3
-12,-4
-13,-3
-11,-3
-10,-4
-12,-4
-12,-2
-13,0
-13,-2
-15,-2
-13,-3
-12,-2
-13,-2
-14,-1
-12,1
-13,1
-15,1
-13,1
-13,2
-12,2
-14,1
-12,1
-12,2
-14,2
-14,3
-12,4
-13,6
-13,5
-14,5
-15,7
-15,5
-16,6
-15,5
-17,5
-18,5
-16,5
-14,3
-13,3
-11,3
-10,4
-11,4
-9,4
-10,6
-11,7
-10,8
-12,7
-10,9
-10,8
-10,7
-10,9
-9,9
-7,8
-8,8
-8,6
-6,6
-6,4
-6,5
-4,3
-2,3
-4,5
-4,3
-4,2
-3,2
-2,0
0,-2
1,-2
-1,0
-1,-1
-1,-2
1,-2
0,0
2,-1
1,1
2,-1
2,0
1,-1
0,1
-2,1
0,3
0,5
-2,4
-4,6
-4,8
-5,9
-5,11
-5,13
-5,14
-7,14
-7,12
-6,14
-8,14
-9,15
-7,17
-7,16
-7,18
-8,17
-6,19
-8,19
-10,21
-11,19
-9,21
-11,21
-10,21
-8,19
-9,20
-11,21
-11,23
-12,22
-12,24
-12,26
-10,27
-8,27
-8,29
-7,29
-5,30
-3,30
-4,32
-4,33
-4,31
-4,33
-3,35
-2,33
-1,32
0,32
0,34
-1,34
-3,35
-3,34
-2,34
-3,34
-3,33
-5,33
-3,33
-2,33
-4,32
-6,32
-4,32
-5,30
-6,28
-6,27
-7,27
-9,25
-11,27
-11,28
-13,28
-15,28
-17,28
-15,26
-15,24
-15,26
-16,25
-17,25
-18,24
-17,23
-17,22
-19,23
-17,25
-19,25
-20,25
-18,26
-20,28
-22,30
-22,28
-24,27
-24,28
-22,30
-22,31
-23,32
-25,33
-27,33
-27,34
-26,36
-26,35
-24,36
-22,36
-22,35
-22,34
-22,33
-23,33
-25,33
-24,31
-23,32
-24,32
-23,33
-23,35
-23,34
-23,36
-21,35
-23,37
-25,37
-25,36
-27,36
-28,38
-28,40
-26,38
-28,37
-26,37
-25,39
-27,37
-26,35
-27,35
-27,34
-28,36
-26,36
-24,36
-25,34
-25,32
-23,30
-21,31
-19,31
-21,30
-19,30
-21,31
-22,29
-22,28
-22,29
-22,28
-21,27
-20,26
-18,26
-17,24
-16,24
-17,24
-17,22
-17,21
-17,19
-16,18
-18,17
-19,18
-18,20
-16,22
-14,24
-16,23
-14,23
-16,22
-16,20
-16,19
-16,17
-14,15
-15,15
-14,13
-16,13
-16,12
-17,10
-17,11
-15,11
-16,11
-16,9
-16,8
-18,8
-17,9
-19,7
-19,5
-18,6
-17,4
-16,6
-14,5
-14,4
-12,5
-14,6
-13,7
-15,5
-17,5
-16,6
-17,4
-16,6
-16,5
-15,4
-13,4
-14,4
-13,4
-12,5
-13,5
-13,3
-12,3
-10,2
-11,2
-10,0
-11,1
-9,0
-7,0
-5,0
-7,2
-9,1
-7,1
-9,3
-11,5
-13,6
-15,4
-17,3
-19,2
-19,3
-19,4
-19,6
-21,6
-21,8
-23,10
-23,11
-21,11
-19,10
-17,8
-15,6
-15,7
-14,9
-13,9
-15,11
-17,12
-17,11
-16,10
-15,10
-15,12
-14,11
-12,11
-12,12
-10,10
-12,11
-11,11
-13,12
-13,11
-14,13
-16,13
-15,13
-17,15
-16,15
-18,13
-16,12
-16,10
-14,10
-14,11
-14,12
-16,13
-18,13
-18,15
-18,14
-18,16
-20,16
-22,16
-24,16
-22,16
-24,16
-26,15
-26,14
-25,12
-26,12
-28,12
-26,13
-25,13
-26,14
-24,13
-26,14
-28,14
-28,16
-27,14
-28,12
-28,11
-30,9
-28,7
-27,8
-27,9
-29,11
-28,12
-29,10
-31,10
-31,9
-30,9
-29,8
-30,8
-30,6
-29,7
-27,7
-26,9
-24,10
-26,10
-27,9
-27,11
-26,13
-27,12
-27,14
-29,15
-29,17
-31,15
-33,13
-31,13
-32,13
-30,12
-28,14
-28,13
-29,12
-31,10
-29,12
-27,12
-29,12
-31,12
-32,13
-31,13
-33,13
-34,13
-36,15
-38,13
-39,13
-38,13
-39,15
-40,17
-40,15
-41,15
-41,13
-40,14
-39,13
-41,15
-39,16
-37,18
-37,19
-36,20
-35,19
-34,17
-35,15
-35,17
-35,19
-36,17
-36,16
-36,17
-36,15
-37,17
-38,16
-37,16
-36,14
-37,13
-37,14
-36,14
-34,14
-36,12
-37,14
-37,13
-39,15
-38,13
-38,14
-36,14
-36,12
-35,12
-33,12
-34,10
-34,9
-34,11
-32,9
-31,8
-29,8
-29,10
-31,8
-30,8
-31,8
-31,6
-30,5
-28,4
-29,5
-30,5
-30,7
-30,8
-32,9
-33,9
-33,8
-35,8
-35,10
-36,9
-36,8
-34,8
-36,7
-35,7
-36,7
-38,7
-38,9
-39,8
-40,8
-41,8
-39,8
-37,6
-35,4
-35,5
-36,7
-38,7
-40,9
-38,7
-40,6
-38,5
-40,7
-38,6
-38,4
-40,6
-38,6
-38,8
-37,8
-38,10
-40,8
-40,9
-41,9
-43,10
-42,10
-42,12
-44,10
-44,12
-44,14
-46,12
-46,10
-48,12
-47,14
-47,12
-48,13
-46,15
-46,17
-47,16
-46,16
-45,14
-46,15
-48,13
-47,11
-46,11
-44,11
-46,9
-46,10
-46,12
-47,14
-47,13
-47,12
-48,12
-48,10
-50,10
-52,12
-54,13
-54,14
-55,14
-53,12
-55,11
-53,11
-53,12
-53,11
-51,12
-51,11
-49,9
-51,9
-51,7
-53,9
-52,10
-50,12
-48,14
-49,15
-51,13
-53,13
-52,13
-51,15
-50,13
-48,13
-50,15
-48,14
-49,13
-49,12
-47,10
-49,9
-49,10
-48,10
-46,8
-44,6
-42,5
-43,3
-41,2
-41,3
-42,1
-44,0
-44,-1
-46,0
-48,-1
-47,1
-47,3
-46,5
-47,5
-48,5
-49,6
-47,7
-47,6
-45,5
-44,5
-43,3
-41,5
-40,6
-39,6
-37,6
-37,4
-36,4
-35,4
-33,5
-33,6
-34,7
-35,7
-33,8
-33,6
-35,8
-37,9
-37,11
-36,9
-36,11
-38,13
-38,11
-39,13
-41,13
-41,15
-39,14
-40,15
-41,15
-41,17
-39,19
-39,21
-40,21
-39,21
-37,19
-35,21
-37,21
-39,22
-39,21
-41,19
-39,19
-37,19
-37,20
-39,19
-39,17
-38,15
-36,16
-34,17
-32,17
-34,19
-33,19
-33,21
-33,22
-35,21
-35,20
-36,18
-36,20
-36,21
-36,19
-34,18
-36,18
-36,16
-37,15
-35,15
-34,15
-35,15
-33,17
-35,18
-37,19
-39,19
-39,20
-41,20
-39,18
-40,16
-38,18
-40,17
-41,15
-41,14
-39,14
-39,12
-39,13
-41,15
-41,16
-41,17
-43,19
-42,19
-43,21
-44,19
-46,20
-46,22
-48,21
-50,20
-49,18
-48,19
-47,17
-45,17
-46,17
-46,16
-46,17
-46,19
-46,21
-46,23
-46,21
-45,22
-45,21
-43,21
-41,22
-41,21
-43,22
-44,22
-44,23
-44,21
-46,20
-46,22
-47,24
-48,26
-48,25
-47,24
-45,26
-45,25
-45,27
-46,28
-46,27
-44,26
-44,25
-45,27
-43,27
-43,26
-42,26
-44,26
-46,25
-45,26
-47,26
-47,25
-48,23
-48,21
-47,22
-46,24
-47,22
-47,20
-45,20
-47,22
-46,20
-45,18
-44,16
-44,18
-44,16
-44,18
-43,20
-43,18
-45,18
-45,16
-46,14
-47,13
-46,12
-46,10
-44,10
-44,9
-45,8
-43,9
-41,11
-39,12
-38,13
-40,11
-40,10
-40,12
-39,10
-38,8
-38,6
-37,7
-37,8
-39,10
-40,10
-38,10
-38,9
-38,7
-38,6
-36,5
-34,5
-32,5
-32,3
-34,4
-36,3
-34,2
-33,2
-31,2
-31,0
-31,2
-33,3
-34,3
-32,5
-34,5
-33,5
-35,3
-37,1
-36,3
-34,3
-34,1
-32,3
-34,3
-34,1
-32,-1
-34,-1
-34,-2
-33,-2
-33,-3
-35,-3
-36,-5
-35,-7
-36,-7
-36,-9
-34,-7
-33,-5
-34,-7
-34,-5
-35,-5
-35,-7
-33,-7
-35,-9
-33,-7
-33,-5
-32,-5
-33,-3
-35,-3
-33,-2
-33,-3
-31,-2
-32,0
-32,-2
-34,-3
-35,-3
-35,-1
-34,-1
-34,1
-33,3
-33,5
-32,4
-32,3
-32,1
-30,-1
-28,-1
-29,0
-27,-1
-26,-3
-26,-4
-24,-3
-24,-1
-23,1
-25,3
-27,3
-25,1
-25,-1
-23,-3
-21,-3
-21,-4
-22,-4
-21,-6
-22,-6
-21,-8
-20,-6
-20,-8
-20,-7
-19,-6
-19,-8
-20,-9
-22,-9
-22,-8
-21,-6
-22,-4
-21,-4
-19,-4
-19,-5
-17,-4
-17,-5
-17,-6
-19,-4
-21,-5
-23,-5
-23,-7
-24,-7
-26,-6
-27,-6
-27,-5
-26,-7
-25,-9
-27,-10
-25,-9
-25,-11
-24,-10
-25,-10
-27,-8
-28,-9
-29,-11
-30,-12
-28,-11
-30,-9
-28,-8
-28,-7
-28,-5
-28,-3
-28,-2
-29,-1
-27,-1
-27,1
-27,0
-29,0
-31,-2
-33,0
-31,0
-32,-2
-31,-2
-33,-2
-32,-2
-31,-2
-29,0
-30,-2
-31,-4
-33,-4
-35,-2
-35,-1
-37,-1
-38,-1
-40,-1
-41,-1
-41,-2
-40,-2
-40,-1
-42,-3
-42,-4
-42,-3
-44,-3
-44,-4
-42,-6
-42,-8
-44,-7
-44,-6
-44,-7
-42,-6
-43,-8
-43,-7
-43,-9
-45,-8
-44,-8
-46,-10
-45,-8
-44,-9
-46,-7
-47,-7
-45,-7
-47,-7
-47,-6
-49,-6
-49,-8
-47,-9
-47,-10
-47,-12
-49,-14
-49,-12
-50,-14
-52,-15
-50,-17
-49,-17
-47,-19
-48,-19
-49,-19
-49,-17
-50,-19
-51,-20
-51,-18
-52,-16
-51,-14
-49,-16
-49,-14
-50,-14
-49,-14
-51,-14
-49,-13
-51,-12
-52,-10
-53,-12
-52,-10
-52,-8
-54,-8
-54,-10
-53,-12
-51,-11
-51,-13
-52,-15
-52,-14
-50,-12
-52,-11
-53,-12
-51,-10
-50,-12
-52,-13
-52,-11
-50,-11
-50,-10
-49,-12
-49,-13
-49,-12
-51,-10
-51,-9
-53,-9
-53,-11
-55,-12
-55,-13
-56,-13
-58,-13
-60,-13
-61,-12
-60,-14
-58,-12
-58,-10
-60,-12
-60,-13
-60,-12
-62,-14
-61,-15
-63,-15
-61,-15
-60,-17
-62,-16
-60,-16
-58,-14
-56,-15
-54,-14
-53,-16
-54,-15
-53,-13
-54,-13
-54,-14
-52,-14
-52,-12
-52,-10
-51,-11
-51,-10
-52,-10
-52,-8
-51,-6
-49,-6
-47,-4
-48,-2
-48,-4
-49,-5
-47,-3
-49,-5
-51,-5
-53,-5
-52,-4
-54,-2
-52,0
-52,-1
-52,0
-54,0
-53,-1
-54,0
-56,0
-58,2
-58,3
-58,5
-59,6
-57,8
-56,9
-58,9
-57,8
-58,6
-58,8
-58,10
-59,11
-57,11
-55,11
-57,11
-59,12
-58,12
-56,11
-54,11
-53,13
-53,15
-53,13
-54,13
-56,13
-57,12
-58,12
-58,10
-57,10
-55,11
-56,12
-54,12
-52,13
-50,11
-50,10
-50,9
-49,10
-50,8
-50,6
-50,8
-48,8
-48,7
-46,8
-47,10
-45,8
-47,7
-46,5
-44,6
-43,5
-44,7
-43,9
-43,10
-43,12
-45,14
-43,16
-44,15
-45,14
-47,14
-49,12
-50,11
-51,13
-51,15
-50,14
-50,16
-51,15
-50,13
-51,13
-52,13
-51,15
-53,14
-53,15
-55,15
-53,14
-52,12
-52,13
-53,12
-53,14
-55,12
-54,12
-55,10
-53,11
-55,9
-56,7
-55,9
-54,7
-54,9
-52,10
-51,8
-52,10
-50,9
-52,8
-53,10
-55,9
-57,9
-56,8
-54,10
-56,9
-56,7
-55,7
-55,5
-53,4
-55,6
-54,7
-52,5
-54,4
-54,6
-56,6
-56,5
-57,7
-56,7
-55,8
-56,6
-54,4
-55,3
-55,4
-54,4
-52,2
-53,4
-54,4
-56,2
-57,4
-56,4
-56,2
-55,2
-56,2
-56,0
-58,0
-56,2
-56,4
-54,2
-56,3
-55,1
-55,-1
-56,-2
-54,0
-54,-1
-56,-1
-58,-2
-57,-2
-59,-4
-58,-2
-57,-2
-58,-2
-59,-2
-61,0
-59,2
-59,4
-60,6
-59,5
-57,5
-56,4
-57,6
-57,8
-59,6
-59,5
-57,5
-59,5
-58,5
-58,6
-57,4
-58,3
-60,5
-61,5
-62,4
-62,6
-62,8
-61,8
-62,10
-64,8
-65,6
-63,6
-61,4
-60,4
-60,2
-60,3
-58,4
-60,5
-58,3
-60,4
-60,5
-59,7
-57,7
-55,7
-54,5
-52,6
-54,7
-52,9
-54,9
-56,11
-58,13
-56,13
-58,15
-58,16
-58,14
-56,16
-56,14
-54,14
-54,16
-53,16
-53,15
-53,16
-51,16
-51,15
-51,17
-52,17
-52,15
-53,13
-53,14
-53,16
-53,18
-54,18
-56,16
-58,16
-58,14
-58,15
-58,16
-60,14
-59,14
-57,16
-59,18
-58,20
-58,21
-60,21
-61,23
-61,25
-60,24
-59,22
-61,21
-62,22
-61,20
-59,18
-57,18
-59,16
-61,17
-63,18
-63,16
-65,18
-63,18
-61,17
-61,18
-60,20
-58,19
-60,20
-61,20
-59,21
-57,22
-59,24
-58,22
-58,23
-60,25
-62,26
-63,25
-62,25
-61,26
-61,24
-61,26
-61,24
-59,22
-59,20
-60,21
-58,20
-57,19
-55,19
-57,20
-57,19
-56,19
-55,19
-57,20
-58,22
-56,21
-55,22
-55,23
-56,25
-58,24
-59,22
-60,24
-58,24
-60,23
-62,23
-60,23
-61,23
-59,24
-61,24
-63,24
-65,25
-64,25
-66,26
-65,28
-65,26
-65,27
-63,29
-63,28
-63,29
-63,31
-61,31
-59,29
-59,31
-61,33
-62,35
-62,36
-63,38
-64,36
-66,37
-68,38
-68,40
-70,39
-72,40
-71,40
-72,39
-74,39
-74,41
-73,41
-75,43
-73,44
-75,42
-74,42
-73,43
-73,42
-73,44
-73,46
-74,46
-72,45
-70,47
-72,45
-74,47
-74,46
-76,47
-76,49
-76,48
-74,48
-75,49
-76,50
-76,48
-75,48
-73,50
-72,49
-73,49
-73,47
-71,49
-71,50
-70,48
-68,48
-69,49
-71,49
-69,48
-67,48
-65,49
-67,51
-68,53
-66,52
-67,54
-65,54
-66,56
-64,56
-64,57
-65,58
-63,58
-63,57
-63,55
-64,55
-64,56
-62,58
-64,56
-66,56
-68,54
-67,54
-69,54
-68,55
-70,55
-72,56
-73,56
-75,56
-77,56
-79,55
-78,55
-80,53
-80,51
-80,50
-82,50
-81,51
-79,51
-79,49
-78,51
-80,52
-81,52
-83,51
-85,50
-85,48
-85,50
-84,50
-82,48
-83,47
-83,49
-85,49
-83,48
-84,48
-85,49
-84,48
-85,48
-83,47
-83,48
-84,48
-84,50
-84,51
-86,53
-85,54
-83,56
-85,56
-87,56
-87,55
-85,55
-84,56
-83,56
-82,56
-81,54
-79,53
-80,51
-80,53
-78,53
-79,51
-81,53
-81,51
-82,51
-83,51
-82,52
-81,53
-81,52
-80,52
-81,54
-82,53
-84,53
-82,54
-81,53
-80,53
-80,55
-78,55
-78,54
-77,54
-79,53
-78,55
-77,57
-78,57
-79,56
-78,57
-77,57
-77,55
-77,53
-79,53
-79,52
-79,54
-77,53
-79,53
-79,51
-80,52
-81,51
-83,50
-81,49
-80,48
-81,48
-79,46
-79,48
-78,50
-77,51
-78,52
-76,51
-77,52
-76,53
-74,54
-74,53
-75,53
-74,55
-72,54
-70,54
-68,56
-67,58
-67,59
-66,61
-68,61
-68,59
-70,60
-70,58
-72,60
-72,62
-70,63
-72,61
-72,62
-73,60
-72,60
-71,59
-69,59
-70,61
-68,61
-70,63
-69,62
-69,63
-67,65
-68,66
-67,67
-69,69
-69,67
-67,67
-66,68
-66,66
-67,68
-68,67
-69,68
-67,68
-65,69
-63,67
-61,67
-62,68
-62,67
-62,69
-60,71
-60,70
-60,72
-62,73
-61,73
-61,74
-63,73
-62,74
-60,75
-61,74
-59,74
-59,75
-57,77
-57,75
-56,75
-58,73
-60,75
-60,74
-59,76
-60,76
-60,77
-59,79
-58,77
-57,76
-58,76
-57,75
-55,75
-55,76
-54,75
-55,74
-55,76
-54,76
-56,77
-55,79
-57,80
-57,78
-58,79
-57,80
-57,78
-57,79
-58,79
-60,79
-60,78
-62,76
-62,78
-62,80
-62,82
-64,80
-66,78
-66,80
-67,82
-66,82
-68,82
-69,83
-71,83
-73,85
-75,87
-76,89
-78,87
-80,88
-81,90
-81,92
-82,91
-83,91
-83,90
-85,90
-85,88
-83,88
-83,90
-83,88
-85,89
-87,88
-87,87
-88,88
-87,88
-89,87
-88,89
-90,90
-90,88
-89,86
-89,87
-90,87
-89,86
-91,86
-90,86
-88,84
-87,86
-89,87
-87,87
-86,86
-85,86
-83,84
-85,84
-83,84
-83,83
-82,85
-84,83
-85,84
-84,84
-82,86
-80,86
-78,85
-76,87
-74,87
-74,89
-76,88
-74,90
-72,89
-72,88
-74,90
-73,91
-75,91
-73,90
-73,88
-75,88
-77,88
-78,88
-78,86
-79,84
-78,82
-77,82
-76,80
-74,81
-73,80
-73,81
-73,83
-73,85
-73,87
-72,87
-70,89
-70,88
-72,87
-72,85
-71,85
-69,85
-68,85
-69,85
-69,86
-67,87
-65,85
-65,86
-65,84
-65,86
-65,85
-65,86
-64,85
-65,85
-66,83
-66,82
-67,81
-65,81
-63,83
-61,85
-60,87
-58,85
-59,83
-57,81
-57,82
-59,83
-60,82
-58,84
-57,86
-56,88
-56,87
-54,88
-55,90
-56,91
-58,93
-57,94
-57,92
-59,93
-57,94
-58,96
-57,97
-55,99
-55,100
-57,99
-57,100
-58,100
-57,100
-58,100
-56,99
-55,99
-56,98
-56,100
-58,99
-57,101
-56,99
-55,100
-57,100
-56,102
-55,104
-53,105
-51,104
-50,102
-51,103
-53,103
-55,101
-55,100
-54,100
-54,99
-56,101
-57,101
-55,102
-57,100
-57,101
-55,100
-56,98
-58,98
-58,96
-57,96
-58,97
-56,97
-57,97
-55,97
-56,98
-57,97
-57,99
-57,98
-55,98
-53,99
-54,99
-54,101
-52,101
-53,102
-52,100
-54,102
-55,104
-57,104
-57,102
-56,102
-56,101
-58,101
-58,102
-60,100
-58,99
-60,100
-59,100
-58,102
-56,102
-55,102
-55,104
-56,102
-55,103
-55,105
-54,105
-56,105
-57,103
-55,103
-54,103
-55,104
-56,105
-58,103
-59,101
-57,103
-59,101
-59,102
-61,102
-63,103
-63,101
-63,100
-61,100
-60,100
-61,101
-59,101
-59,103
-59,105
-60,105
-62,103
-61,103
-62,105
-64,103
-64,105
-64,106
-64,107
-65,108
-65,106
-66,104
-67,104
-66,106
-64,106
-65,105
-65,107
-66,106
-64,108
-63,108
-61,109
-60,109
-61,110
-60,109
-61,107
-59,105
-59,104
-61,105
-61,107
-61,109
-62,110
-60,111
-59,111
-58,113
-59,113
-57,113
-58,115
-60,117
-60,116
-61,116
-60,116
-58,115
-60,117
-58,116
-58,114
-58,112
-57,111
-57,112
-58,111
-60,111
-60,109
-59,109
-61,111
-60,112
-61,113
-63,113
-64,114
-63,116
-62,116
-62,118
-63,118
-61,118
-63,118
-64,118
-66,118
-64,118
-65,116
-66,118
-66,116
-66,115
-65,115
-67,114
-67,113
-68,113
-66,111
-66,109
-65,111
-63,109
-64,109
-63,109
-64,109
-62,107
-64,109
-63,109
-62,109
-63,108
-62,109
-64,111
-66,111
-65,112
-67,114
-65,113
-67,114
-68,114
-69,116
-70,114
-71,114
-72,112
-70,110
-70,111
-69,113
-69,115
-69,116
-68,114
-67,116
-67,115
-66,114
-68,116
-70,116
-68,115
-66,117
-66,115
-66,114
-67,112
-66,113
-64,114
-62,114
-61,114
-60,114
-60,113
-62,113
-60,115
-59,117
-59,118
-61,120
-59,118
-59,120
-59,119
-60,117
-61,117
-59,117
-58,117
-60,117
-59,116
-61,118
-59,116
-60,116
-58,117
-60,116
-62,118
-63,117
-62,117
-62,118
-60,120
-61,120
-59,118
-59,119
-60,118
-59,120
-57,120
-59,119
-58,119
-57,120
-59,120
-59,119
-57,118
-58,118
-58,116
-56,114
-58,112
-56,112
-54,114
-54,115
-53,115
-54,116
-54,117
-52,118
-51,118
-51,120
-51,119
-50,119
-52,119
-51,120
-49,120
-51,122
-52,120
-51,119
-51,118
-49,118
-51,117
-50,119
-50,121
-50,120
-49,122
-47,123
-45,121
-47,121
-45,121
-45,119
-47,120
-49,120
-49,119
-51,119
-53,119
-51,117
-53,117
-54,117
-53,118
-54,119
-52,121
-53,120
-55,120
-57,120
-59,122
-57,121
-56,123
-55,123
-56,124
-56,126
-57,126
-59,124
-58,126
-59,124
-59,123
-57,122
-56,121
-54,121
-56,121
-56,120
-57,118
-59,118
-61,118
-59,118
-61,118
-60,119
-59,121
-61,119
-63,119
-62,119
-62,117
-60,117
-59,118
-57,120
-59,121
-57,121
-55,120
-57,120
-57,119
-57,121
-58,121
-60,121
-62,120
-64,120
-64,122
-64,120
-64,121
-64,122
-64,121
-62,119
-64,118
-63,118
-65,120
-65,121
-65,119
-65,118
-65,120
-64,122
-62,121
-63,123
-65,122
-64,122
-63,120
-62,119
-60,117
-60,115
-58,117
-58,116
-58,118
-60,119
-60,117
-60,118
-61,118
-62,118
-62,117
-63,119
-65,118
-63,120
-65,120
-64,121
-65,119
-63,119
-63,118
-65,118
-67,118
-65,120
-64,120
-64,119
-65,119
-65,121
-64,121
-66,123
-67,123
-65,122
-65,124
-65,123
-65,121
-65,119
-67,118
-69,118
-68,116
-66,116
-64,116
-64,118
-63,119
-63,118
-65,116
-63,117
-61,117
-59,119
-60,121
-60,122
-62,122
-64,123
-63,124
-65,123
-64,124
-64,126
-65,124
-63,122
-63,120
-61,120
-59,121
-58,121
-57,119
-59,118
-61,119
-61,120
-62,122
-62,124
-62,125
-62,127
-60,127
-58,127
-60,127
-60,128
-60,127
-61,127
-60,129
-58,129
-58,131
-60,131
-61,130
-63,129
-62,130
-60,132
-60,130
-59,131
-61,131
-63,130
-62,130
-63,130
-61,131
-61,130
-61,132
-60,134
-60,133
-61,133
-62,131
-62,130
-60,131
-58,129
-56,127
-57,125
-57,124
-55,124
-55,122
-53,120
-54,120
-56,120
-58,118
-58,117
-60,116
-58,118
-57,118
-55,120
-54,121
-53,122
-53,123
-51,121
-52,120
-54,120
-56,119
-58,120
-58,118
-58,119
-57,117
-57,115
-57,114
-59,116
-57,115
-59,115
-58,114
-59,112
-61,112
-63,112
-63,111
-63,110
-64,109
-66,109
-67,108
-66,108
-65,107
-63,106
-62,106
-61,106
-60,107
-62,107
-64,107
-64,108
-66,109
-66,110
-68,111
-70,109
-68,111
-68,112
-66,111
-68,109
-66,107
-68,107
-68,109
-69,110
-68,110
-70,108
-71,109
-73,111
-74,113
-76,114
-76,112
-74,114
-73,112
-75,110
-76,110
-75,111
-73,109
-73,111
-73,113
-75,113
-76,111
-77,111
-79,111
-79,112
-78,112
-78,110
-79,110
-79,111
-77,112
-76,113
-77,113
-78,112
-78,113
-78,114
-76,113
-75,113
-75,111
-77,111
-75,112
-73,114
-73,115
-71,113
-70,113
-72,113
-72,114
-70,115
-70,114
-72,114
-72,115
-72,113
-73,115
-75,116
-75,117
-76,119
-77,121
-75,121
-77,121
-77,120
-77,118
-75,119
-76,119
-76,121
-77,120
-76,120
-76,121
-75,119
-75,117
-75,118
-76,118
-74,116
-75,118
-77,119
-79,121
-80,119
-80,121
-81,121
-82,123
-82,121
-82,123
-84,121
-84,123
-82,121
-83,120
-82,122
-81,122
-80,122
-80,121
-79,120
-78,120
-79,120
-80,118
-82,116
-81,115
-81,117
-79,115
-81,116
-81,115
-80,115
-80,114
-78,114
-78,113
-78,115
-79,117
-79,116
-80,114
-78,115
-77,117
-78,116
-78,117
-80,117
-78,116
-78,115
-78,117
-79,118
-78,116
-78,118
-79,120
-77,120
-76,120
-78,122
-80,122
-78,122
-78,123
-78,121
-76,121
-76,119
-76,118
-77,116
-79,114
-79,115
-78,115
-80,116
-82,118
-80,117
-80,118
-82,119
-83,117
-83,119
-83,120
-81,122
-83,120
-82,120
-81,121
-81,120
-82,122
-83,122
-81,122
-80,121
-80,120
-80,121
-79,120
-79,119
-78,121
-76,119
-75,121
-75,119
-73,121
-72,121
-73,121
-71,121
-69,121
-71,122
-71,121
-71,120
-69,122
-70,122
-70,123
-72,124
-70,124
-69,124
-67,124
-67,126
-68,126
-67,128
-65,126
-63,126
-63,127
-63,126
-63,125
-63,126
-62,125
-61,123
-60,121
-60,122
-59,122
-57,120
-58,118
-58,116
-56,116
-58,115
-56,115
-55,115
-53,114
-55,116
-55,114
-57,113
-58,112
-59,114
-59,116
-61,115
-61,113
-59,111
-58,109
-57,108
-58,110
-58,112
-56,113
-57,113
-59,113
-61,115
-61,113
-62,113
-62,111
-63,110
-63,112
-61,112
-59,112
-58,112
-56,114
-54,116
-54,117
-52,119
-53,121
-55,119
-56,117
-56,118
-56,119
-54,119
-52,118
-50,118
-49,119
-51,119
-52,121
-54,121
-53,122
-54,123
-52,123
-52,124
-52,126
-50,127
-50,126
-50,127
-50,129
-52,130
-51,130
-52,130
-52,131
-50,131
-50,129
-49,129
-50,128
-51,127
-51,125
-51,123
-52,123
-50,123
-52,121
-51,123
-51,125
-52,126
-50,126
-52,128
-52,130
-52,129
-52,127
-51,127
-50,127
-50,128
-50,126
-50,124
-50,126
-49,127
-49,126
-49,124
-51,124
-52,124
-50,124
-49,122
-50,121
-49,121
-51,120
-53,119
-52,117
-54,118
-55,118
-53,119
-53,117
-51,116
-50,116
-50,115
-51,117
-53,117
-55,119
-55,118
-54,116
-54,115
-56,115
-54,117
-52,115
-54,115
-52,116
-52,117
-50,117
-50,116
-52,118
-52,120
-52,122
-53,122
-52,123
-51,121
-53,123
-55,122
-55,124
-54,126
-53,127
-51,125
-53,123
-52,123
-54,125
-54,127
-55,126
-55,125
-57,125
-56,125
-54,125
-55,125
-57,126
-56,125
-56,124
-58,122
-60,124
-61,122
-60,124
-58,126
-59,126
-57,128
-57,130
-58,129
-58,131
-58,133
-57,133
-56,134
-54,134
-55,132
-54,130
-53,132
-52,130
-52,132
-52,134
-54,133
-56,133
-54,133
-56,134
-54,135
-53,133
-54,135
-52,134
-51,134
-50,134
-51,134
-52,136
-53,136
-54,138
-53,138
-52,139
-50,138
-49,139
-49,140
-49,139
-51,140
-53,140
-55,140
-54,142
-53,144
-55,144
-54,146
-55,145
-53,145
-55,143
-55,141
-57,143
-58,141
-57,141
-59,140
-59,141
-61,142
-61,140
-62,139
-63,140
-64,142
-63,142
-62,141
-62,142
-61,143
-59,143
-58,141
-56,140
-54,140
-54,141
-53,141
-54,140
-55,142
-56,142
-57,144
-57,143
-55,141
-56,139
-56,137
-58,137
-60,137
-61,136
-61,137
-61,135
-59,135
-59,137
-61,137
-60,137
-60,136
-62,134
-63,136
-63,138
-64,138
-66,139
-66,138
-64,139
-62,138
-60,136
-58,135
-56,137
-56,136
-57,135
-57,137
-57,138
-58,140
-56,138
-55,138
-55,140
-57,142
-55,142
-57,143
-57,141
-59,139
-61,139
-61,141
-62,141
-60,141
-58,139
-58,138
-57,138
-55,138
-56,140
-54,142
-55,140
-56,142
-56,141
-55,142
-56,141
-58,140
-60,141
-60,142
-60,144
-62,142
-61,143
-59,145
-58,146
-59,146
-59,147
-59,146
-60,144
-61,144
-62,143
-60,141
-58,141
-57,141
-58,141
-57,142
-58,141
-57,141
-57,142
-58,141
-58,142
-56,142
-54,140
-55,142
-54,142
-54,144
-55,143
-54,144
-52,142
-50,141
-49,140
-48,138
-49,138
-51,136
-53,137
-55,135
-55,133
-54,133
-55,132
-57,133
-56,131
-55,133
-57,132
-56,134
-55,135
-54,136
-53,137
-55,136
-55,138
-55,137
-53,136
-52,138
-54,138
-56,137
-58,138
-59,139
-58,139
-57,140
-59,140
-61,140
-63,141
-65,142
-63,142
-64,144
-63,144
-62,146
-62,148
-61,147
-62,147
-60,149
-58,150
-57,151
-57,150
-59,150
-60,148
-60,147
-59,148
-60,146
-61,146
-59,145
-57,145
-57,143
-57,142
-58,142
-59,141
-59,143
-60,142
-62,140
-63,142
-63,144
-62,145
-61,145
-60,145
-59,143
-60,142
-58,144
-57,142
-55,144
-55,145
-54,145
-55,145
-53,147
-53,148
-55,149
-55,151
-55,149
-55,150
-57,148
-57,149
-58,151
-56,149
-55,149
-54,149
-56,150
-56,151
-54,153
-52,151
-53,150
-51,150
-50,152
-48,151
-47,153
-48,154
-50,153
-49,151
-49,149
-50,148
-51,149
-51,150
-50,152
-50,154
-52,152
-53,153
-52,153
-50,151
-49,149
-50,149
-48,151
-47,150
-48,151
-47,151
-47,150
-47,148
-49,148
-49,150
-47,151
-47,149
-49,147
-50,147
-51,145
-50,145
-51,147
-51,145
-52,146
-54,145
-56,144
-56,142
-58,142
-57,143
-57,141
-56,140
-56,142
-54,142
-54,141
-52,140
-50,138
-50,137
-50,135
-49,134
-48,134
-47,135
-45,134
-43,132
-44,131
-45,132
-46,132
-47,130
-49,130
-49,128
-50,128
-51,128
-52,128
-53,127
-55,127
-57,125
-58,124
-59,125
-58,123
-56,125
-57,125
-57,127
-57,129
-56,129
-55,130
-55,132
-56,132
-54,132
-53,132
-51,132
-51,134
-49,134
-47,134
-47,133
-45,133
-43,133
-43,135
-45,135
-47,135
-46,135
-47,134
-46,134
-48,136
-46,134
-47,136
-49,135
-49,137
-49,136
-49,134
-47,136
-47,135
-49,135
-47,137
-49,135
-48,137
-47,136
-46,138
-45,136
-43,138
-44,138
-43,136
-45,135
-46,136
-44,138
-45,136
-46,135
-45,136
-45,135
-44,135
-42,136
-41,136
-41,137
-41,136
-40,134
-40,136
-42,138
-42,137
-44,135
-46,135
-47,134
-47,135
-46,137
-44,138
-45,140
-43,141
-42,141
-43,141
-43,140
-41,140
-41,139
-40,139
-40,137
-41,137
-41,139
-39,138
-41,140
-42,139
-40,139
-38,138
-40,138
-41,139
-39,138
-39,139
-38,140
-40,140
-39,141
-37,141
-35,140
-34,141
-36,139
-37,141
-39,143
-37,143
-36,144
-36,143
-38,144
-39,146
-38,146
-40,144
-40,146
-40,147
-39,149
-40,150
-39,149
-40,150
-42,149
-44,149
-44,151
-45,153
-43,154
-44,152
-43,152
-44,153
-43,153
-42,153
-43,151
-45,152
-45,150
-45,152
-47,152
-47,151
-45,152
-46,151
-45,151
-45,150
-43,148
-45,146
-46,146
-44,146
-44,144
-46,144
-46,146
-47,146
-46,146
-45,147
-45,149
-44,148
-44,146
-42,148
-42,146
-40,146
-39,144
-38,144
-39,145
-41,147
-42,148
-42,150
-41,150
-42,150
-44,152
-43,153
-43,152
-41,153
-40,153
-42,153
-40,153
-38,154
-38,152
-38,150
-38,152
-38,154
-37,155
-37,156
-39,157
-37,156
-39,156
-41,157
-41,158
-39,158
-41,158
-43,157
-44,157
-46,159
-44,159
-46,160
-47,161
-48,160
-47,161
-46,161
-47,161
-49,160
-48,158
-46,157
-44,157
-44,155
-46,157
-45,157
-43,159
-45,158
-46,158
-46,156
-45,157
-44,158
-45,158
-44,157
-42,159
-42,161
-40,159
-40,160
-39,160
-38,158
-38,160
-38,159
-39,161
-39,159
-41,158
-41,157
-40,159
-39,158
-40,159
-41,160
-43,162
-44,164
-43,164
-44,162
-43,163
-41,164
-41,166
-43,167
-43,168
-43,169
-42,170
-40,169
-42,171
-40,170
-39,171
-41,171
-40,171
-40,173
-40,172
-40,174
-42,176
-44,174
-43,174
-43,175
-41,175
-40,173
-41,173
-40,172
-39,170
-38,170
-36,170
-34,170
-32,170
-31,171
-32,173
-34,171
-35,169
-36,169
-35,168
-35,167
-33,167
-31,168
-32,170
-33,170
-32,172
-33,172
-31,170
-33,170
-34,170
-33,172
-35,172
-34,170
-34,169
-35,169
-37,167
-37,169
-38,168
-39,170
-38,169
-40,171
-39,170
-40,170
-39,169
-41,169
-42,167
-44,166
-42,168
-43,168
-44,170
-46,171
-46,172
-48,172
-47,170
-48,170
-48,168
-48,167
-50,167
-49,167
-49,168
-49,167
-47,169
-45,169
-46,168
-47,168
-45,168
-43,168
-43,167
-43,166
-43,164
-45,165
-43,165
-44,165
-43,165
-44,166
-42,166
-40,166
-39,166
-37,167
-39,167
-40,167
-42,166
-40,165
-39,167
-40,165
-42,163
-44,165
-44,166
-44,168
-46,168
-48,168
-48,169
-48,170
-46,170
-46,168
-47,166
-47,165
-49,165
-49,163
-50,163
-50,165
-50,166
-50,165
-49,167
-47,165
-45,164
-46,163
-45,165
-45,167
-45,169
-47,169
-45,167
-47,167
-49,166
-47,166
-47,167
-46,166
-45,168
-44,170
-43,170
-44,168
-45,168
-44,170
-46,172
-44,173
-45,171
-45,173
-44,174
-44,172
-45,172
-43,171
-43,169
-43,167
-41,167
-39,165
-40,165
-40,167
-38,166
-37,166
-36,168
-37,167
-39,167
-39,169
-38,169
-40,170
-39,170
-37,168
-37,169
-36,169
-37,167
-37,169
-36,168
-36,166
-37,167
-36,167
-34,166
-33,165
-34,165
-32,167
-31,165
-29,164
-30,163
-32,164
-34,166
-35,164
-35,166
-36,165
-35,165
-33,167
-32,167
-32,168
-30,168
-29,169
-29,170
-29,172
-28,172
-26,172
-28,174
-27,175
-28,176
-29,177
-27,177
-26,178
-26,177
-24,177
-24,179
-24,181
-24,179
-22,177
-23,179
-21,179
-23,178
-24,177
-26,178
-25,177
-27,175
-25,176
-26,177
-28,175
-28,173
-30,171
-29,173
-30,174
-29,173
-28,173
-27,174
-25,174
-26,174
-28,176
-30,178
-31,178
-31,179
-30,180
-31,180
-31,182
-31,183
-31,182
-29,182
-29,181
-27,183
-26,184
-25,186
-25,184
-25,186
-24,185
-22,185
-22,183
-24,184
-25,184
-24,185
-24,183
-26,181
-24,181
-26,180
-26,179
-26,178
-26,177
-26,178
-27,180
-28,180
-28,182
-29,182
-28,183
-27,184
-27,183
-25,185
-26,185
-25,184
-27,184
-28,184
-28,185
-30,185
-31,185
-32,187
-32,189
-30,191
-29,193
-30,194
-29,193
-31,194
-31,193
-29,192
-29,194
-31,194
-32,194
-32,193
-30,193
-30,194
-32,192
-33,191
-31,191
-33,193
-35,193
-36,193
-37,191
-37,192
-39,192
-38,192
-39,193
-40,192
-40,191
-41,191
-41,192
-39,190
-38,190
-36,190
-38,190
-36,189
-37,189
-36,189
-36,190
-36,191
-36,190
-34,189
-33,189
-33,187
-31,187
-30,187
-30,185
-28,185
-29,186
-27,185
-29,185
-31,183
-32,184
-31,184
-32,186
-32,185
-31,183
-31,182
-33,182
-31,184
-31,183
-30,185
-32,184
-30,184
-30,182
-28,182
-27,180
-29,180
-27,182
-26,182
-25,182
-25,180
-27,178
-28,180
-26,180
-26,181
-25,180
-27,179
-28,177
-28,175
-28,177
-30,176
-30,175
-32,177
-31,177
-31,179
-31,178
-31,179
-30,179
-29,178
-31,178
-29,178
-30,178
-30,179
-31,177
-31,176
-33,176
-34,176
-34,178
-35,176
-33,177
-31,177
-33,177
-33,175
-34,175
-34,176
-35,176
-36,175
-38,177
-39,178
-41,180
-43,180
-45,178
-45,177
-45,179
-47,180
-46,179
-48,179
-48,177
-50,178
-52,180
-50,180
-48,180
-49,178
-47,178
-48,176
-48,178
-50,178
-50,179
-48,179
-47,179
-49,181
-49,183
-51,182
-50,182
-50,184
-49,185
-49,184
-51,186
-49,188
-49,190
-49,192
-49,191
-49,193
-51,195
-51,197
-52,195
-52,194
-50,194
-50,193
-49,193
-48,195
-46,193
-48,193
-49,192
-51,192
-52,194
-50,194
-50,192
-51,193
-51,195
-51,193
-49,191
-50,190
-50,189
-48,191
-48,193
-49,193
-48,191
-49,193
-50,193
-50,195
-51,196
-52,198
-53,200
-52,198
-50,198
-48,199
-49,198
-49,200
-49,198
-47,198
-47,200
-47,198
-46,198
-46,200
-48,198
-48,196
-48,197
-50,196
-49,196
-50,194
-51,194
-50,195
-51,195
-52,193
-53,195
-55,195
-53,196
-54,196
-52,196
-53,196
-52,196
-50,196
-49,195
-48,195
-50,197
-52,199
-53,201
-55,202
-55,200
-54,199
-56,197
-55,197
-55,196
-54,196
-53,196
-54,194
-52,194
-54,192
-54,194
-52,194
-54,192
-55,191
-57,189
-55,190
-57,188
-59,187
-58,186
-60,185
-61,187
-61,189
-59,189
-57,188
-58,188
-58,190
-56,192
-55,193
-55,194
-57,194
-59,193
-60,195
-58,193
-56,193
-54,193
-52,193
-53,192
-55,191
-56,191
-54,193
-53,195
-55,193
-53,193
-51,193
-52,194
-50,195
-52,197
-53,197
-53,198
-52,196
-50,194
-48,196
-49,194
-50,192
-48,191
-49,189
-49,191
-51,191
-50,191
-50,189
-48,189
-46,189
-46,187
-48,186
-48,184
-47,182
-49,183
-49,182
-51,181
-51,180
-53,181
-52,181
-52,180
-51,180
-53,178
-51,176
-53,175
-55,176
-53,176
-54,174
-54,173
-53,175
-55,174
-57,172
-56,170
-57,169
-57,171
-55,172
-54,170
-54,169
-56,170
-54,170
-56,171
-56,173
-57,173
-59,171
-4,4
-57,171
-5,6
-56,170
-1,9
-56,168
-4,9
-56,170
-8,4
-56,172
-4,4
-56,170
-9,7
-55,171
-11,11
-55,172
-11,15
-56,173
-14,14
-57,173
-10,17
-58,172
-14,22
-58,171
-19,26
-57,172
-16,24
-57,170
-13,27
-56,171
-10,31
-58,173
-8,27
-57,171
-5,28
-58,171
-3,28
-57,170
1,31
-58,170
2,32
-60,170
-1,32
-58,171
-2,31
-56,172
-1,29
-56,171
-4,29
-56,173
-6,29
-55,175
-2,32
-53,173
-5,32
-55,172
-7,37
-55,171
-12,40
-55,170
-12,45
-56,170
-8,50
-56,169
-3,55
-56,171
-3,52
-54,171
2,52
-56,169
-3,57
-55,169
-3,60
-56,169
0,62
-54,167
0,64
-53,165
0,66
-53,164
0,70
-53,162
-2,73
-53,160
-4,76
-55,160
-4,79
-55,162
-4,75
-57,162
-7,76
-56,161
-9,74
-58,160
-12,70
-59,159
-8,70
-59,158
-8,71
-59,156
-13,71
-58,158
-10,72
-56,160
-15,73
-56,161
-16,73
-55,159
-11,74
-53,159
-7,70
-54,159
-9,69
-52,158
-4,69
-53,159
-8,73
-53,157
-7,68
-54,155
-7,64
-56,153
-2,62
-55,152
3,67
-56,152
8,68
-56,153
7,68
-57,155
8,66
-56,156
11,61
-58,154
6,60
-58,156
4,60
-59,155
8,58
-61,154
12,57
-59,152
16,62
-59,154
21,62
-58,154
17,58
-59,152
22,61
-58,151
24,59
-57,153
27,59
-58,153
24,63
-57,152
23,63
-56,151
24,66
-58,149
19,67
-60,150
19,68
-58,151
19,64
-58,150
18,68
-58,152
17,69
-57,150
18,71
-57,148
15,70
-55,150
20,71
-55,148
16,71
-53,147
21,68
-52,147
17,73
-50,147
19,74
-52,147
21,78
-53,149
22,81
-51,147
18,81
-51,149
18,76
-53,149
16,81
-53,151
16,82
-51,152
16,87
-51,154
16,82
-50,153
16,78
-49,152
18,74
-50,153
22,77
-52,154
24,73
-54,156
26,70
-55,157
29,66
-55,156
30,61
-55,154
34,60
-57,155
39,59
-57,157
39,61
-57,158
38,66
-57,159
41,61
-57,161
44,56
-57,160
49,53
-59,158
53,53
-58,157
58,55
-56,155
60,50
-57,153
65,52
-57,151
68,56
-57,153
63,54
-57,154
59,57
-59,154
59,61
-60,153
61,60
-58,155
57,60
-59,155
52,59
-60,157
53,54
-62,156
55,57
-60,156
53,61
-59,158
57,56
-59,159
62,56
-60,160
60,54
-60,161
57,53
-60,160
58,57
-59,158
57,57
61,57
62,60
60,62
57,64
60,66
65,68
60,65
60,64
59,64
62,64
65,65
62,63
64,63
64,59
60,64
60,67
57,63
55,62
50,59
51,59
55,62
55,63
55,66
59,66
60,66
56,67
51,63
48,61
49,61
50,66
47,67
47,64
48,67
48,63
43,63
38,61
40,56
43,60
46,60
45,57
46,62
46,67
43,70
43,68
38,63
37,63
34,67
34,72
39,77
38,76
41,71
43,73
40,73
38,70
35,71
39,67
39,70
35,73
32,74
31,73
26,70
29,70
34,68
35,67
31,66
34,67
36,64
31,64
33,59
38,59
37,60
38,63
37,63
35,59
35,57
33,55
29,59
33,58
33,56
35,54
36,51
38,50
37,50
39,53
41,54
46,57
44,60
44,63
39,61
35,59
37,56
40,51
36,55
-4,-4
-2,-1
0,0
2,-2
-1,-7
-1,-9
2,-9
-2,-13
1,-15
6,-14
2,-15
6,-18
3,-21
1,-24
0,-22
-1,-20
-1,-22
-6,-22
-10,-20
-11,-19
-6,-23
-3,-23
-1,-24
1,-24
1,-22
5,-17
0,-13
-5,-11
-3,-11
-6,-7
-2,-6
-3,-8
-7,-3
-11,-5
-8,-8
-10,-13
-7,-12
-10,-7
-8,-2
-6,-6
-3,-5
-3,-2
-7,-4
-8,-7
-6,-9
-10,-14
-13,-11
-17,-8
-15,-13
-18,-14
-14,-9
-14,-8
-9,-4
-5,-5
-2,-9
0,-9
-3,-14
-1,-17
-1,-19
-1,-14
2,-10
2,-7
-2,-10
2,-5
1,-1
3,3
3,0
-1,2
-1,3
